[1.3095202445983887, 1.3121016025543213]
[10.850563526153564, 11.502314567565918]
[2.301344156265259, 3.2852721214294434]
[0.017222881317138672, 0.014802694320678711]
[37.88814640045166, 42.582513093948364]
[1.0518500804901123, 1.4579360485076904]
[11.389472484588623, 11.392303228378296]
[3.214141607284546, 3.176023483276367]
[0.014184236526489258, 0.015542984008789062]
[41.22129011154175, 41.715259075164795]
[1.8678925037384033, 1.6505470275878906]
[11.36817479133606, 10.956762790679932]
[3.645181179046631, 3.1493194103240967]
[0.01503133773803711, 0.015836477279663086]
[43.06167006492615, 41.794928312301636]
[1.4008855819702148, 2.1587936878204346]
[4.455372095108032, 3.9986605644226074]
[4.293385982513428, 2.431576728820801]
[0.015569925308227539, 0.0325932502746582]
[36.50860857963562, 34.68838310241699]
[1.3172926902770996, 2.2926430702209473]
[11.05074429512024, 11.066736698150635]
[2.789464235305786, 3.6180412769317627]
[0.018026351928710938, 0.0207672119140625]
[41.588056802749634, 42.87243366241455]
[1.1971468925476074, 1.2961368560791016]
[11.002039194107056, 4.101155996322632]
[4.437418222427368, 2.4909892082214355]
[0.018660783767700195, 0.021039724349975586]
[41.3164165019989, 32.684990882873535]
[1.6317112445831299]
[10.997321844100952]
[2.436359167098999]
[0.01607680320739746]
[42.836686849594116]
[]
[]
[]
[]
[]
[2.2635498046875, 1.265488624572754]
[3.991774797439575, 11.993767738342285]
[2.4918501377105713, 3.2888596057891846]
[0.014620542526245117, 0.015647411346435547]
[35.39970254898071, 41.0123565196991]
[1.379126787185669, 1.2491633892059326]
[11.894742727279663, 10.957953691482544]
[3.1568069458007812, 2.3699989318847656]
[0.016359329223632812, 0.02756476402282715]
[43.56581258773804, 40.45358324050903]
[4.440331697463989, 9.210113763809204]
[4.511002779006958, 4.83769154548645]
[3.2060534954071045, 3.482943296432495]
[0.017033815383911133, 0.0165252685546875]
[47.22813701629639, 49.90215229988098]
[1.9013569355010986]
[4.540536642074585]
[3.348902940750122]
[0.01956629753112793]
[78.41280221939087]
[0.9301755428314209, 0.9885540008544922]
[3.9858474731445312, 12.318273782730103]
[2.2716987133026123, 2.5209879875183105]
[0.015138864517211914, 0.014191389083862305]
[34.1585636138916, 51.93647909164429]
[0.8963818550109863]
[11.009758234024048]
[2.773123025894165]
[0.019188642501831055]
[40.27890467643738]
[1.0361106395721436, 6.945842742919922]
[11.665318250656128, 11.906288385391235]
[2.3579928874969482, 3.876980781555176]
[0.016035079956054688, 0.033121585845947266]
[48.55125141143799, 56.992257595062256]
[2.0217931270599365, 1.5006396770477295]
[4.6229088306427, 11.54102635383606]
[3.6348581314086914, 4.023078441619873]
[0.02003645896911621, 0.018558979034423828]
[37.77352261543274, 42.774028062820435]
[1.4061179161071777, 1.0070416927337646]
[11.312721014022827, 11.3088960647583]
[2.7848260402679443, 3.367929697036743]
[0.013078689575195312, 0.01451563835144043]
[47.72475218772888, 42.406346559524536]
[1.1146245002746582, 2.2494149208068848]
[10.988187551498413, 10.875455617904663]
[5.81121301651001, 6.816527366638184]
[0.01851630210876465, 0.012117624282836914]
[44.971068143844604, 49.96611666679382]
[2.1898813247680664, 1.144796371459961]
[11.70599365234375, 10.9701247215271]
[3.4664719104766846, 4.909050941467285]
[0.018550872802734375, 0.01402902603149414]
[42.48936319351196, 43.44689202308655]
[2.040424346923828, 1.3221800327301025]
[11.157622575759888, 4.727356672286987]
[2.2568447589874268, 4.0586631298065186]
[0.01651620864868164, 0.014515399932861328]
[39.51339936256409, 34.662490367889404]
[2.301647663116455, 1.6392292976379395]
[11.201596975326538, 11.099672794342041]
[3.6100776195526123, 2.527383327484131]
[0.0305788516998291, 0.020047664642333984]
[41.94773554801941, 39.93383526802063]
[2.249924421310425]
[5.212878942489624]
[7.550185918807983]
[0.023217201232910156]
[38.26998281478882]
[1.395559549331665, 1.3423049449920654]
[10.992155075073242, 4.48737645149231]
[2.388486385345459, 5.043954849243164]
[0.014841556549072266, 0.015142440795898438]
[38.632460832595825, 34.9226188659668]
[1.186617374420166, 1.2576961517333984]
[11.122889041900635, 11.390235424041748]
[5.545298337936401, 3.4729058742523193]
[0.016568899154663086, 0.023032665252685547]
[41.5025110244751, 40.30445647239685]
[1.7259633541107178, 1.1503617763519287]
[11.019817590713501, 4.0595574378967285]
[3.676579475402832, 2.8719160556793213]
[0.01629781723022461, 0.02304697036743164]
[43.70875883102417, 32.33458113670349]
[1.9712340831756592, 1.7343337535858154]
[11.2485671043396, 11.036881923675537]
[3.170093536376953, 2.730846643447876]
[0.020159006118774414, 0.017926454544067383]
[41.85235333442688, 41.37614583969116]
[1.7364811897277832, 1.6678962707519531]
[4.502737522125244, 11.414602756500244]
[2.647738218307495, 2.9933483600616455]
[0.021096467971801758, 0.01904773712158203]
[32.903578996658325, 40.6092369556427]
[1.158369779586792, 5.981659173965454]
[12.378549814224243, 11.538242101669312]
[3.3448593616485596, 3.0527098178863525]
[0.0191042423248291, 0.014511823654174805]
[44.91714811325073, 48.89698004722595]
[1.4384968280792236, 1.7559301853179932]
[12.63166093826294, 11.961405277252197]
[3.0211985111236572, 8.829798698425293]
[0.01667022705078125, 0.014036178588867188]
[42.569098234176636, 46.413954734802246]
[1.046621561050415, 1.2658486366271973]
[4.259544610977173, 4.668545484542847]
[2.5357072353363037, 3.292630195617676]
[0.013163328170776367, 0.018339157104492188]
[30.832829236984253, 32.505027770996094]
[1.8689000606536865, 2.228767156600952]
[11.450824499130249, 12.621375799179077]
[2.502800703048706, 3.868018627166748]
[0.01989436149597168, 0.018036365509033203]
[42.55394649505615, 44.93500208854675]
[1.455869436264038, 1.4183213710784912]
[3.9408648014068604, 11.189999341964722]
[2.612454891204834, 5.044247388839722]
[0.013513565063476562, 0.019551992416381836]
[35.244967222213745, 44.62845063209534]
[2.238832712173462, 1.5546422004699707]
[4.02371883392334, 11.153156042098999]
[2.4669177532196045, 2.3547916412353516]
[0.02213907241821289, 0.024567604064941406]
[36.40080761909485, 41.02193641662598]
[1.5376513004302979, 1.3162727355957031]
[11.281452655792236, 4.502476930618286]
[5.586148262023926, 3.909334659576416]
[0.016985654830932617, 0.01976180076599121]
[43.59133696556091, 35.48543095588684]
[2.378509998321533, 1.6987190246582031]
[11.744519472122192, 11.13890814781189]
[3.4554126262664795, 2.5495312213897705]
[0.02662348747253418, 0.0190427303314209]
[42.402260065078735, 40.64643359184265]
[1.7297675609588623, 2.039313316345215]
[12.571817398071289, 10.994851112365723]
[4.430346727371216, 2.5763397216796875]
[0.014287471771240234, 0.027238845825195312]
[43.45170068740845, 40.141618728637695]
[0.8140223026275635, 1.7774457931518555]
[12.186235427856445, 3.9394357204437256]
[3.34132981300354, 2.3743693828582764]
[0.014389991760253906, 0.020560026168823242]
[40.846540689468384, 32.79341912269592]
[0.854332447052002, 1.5172154903411865]
[10.854867935180664, 10.981314897537231]
[4.033860921859741, 2.495567560195923]
[0.013748407363891602, 0.024045228958129883]
[39.260246992111206, 39.132856607437134]
[2.136047124862671, 1.0403203964233398]
[4.051384210586548, 10.914196968078613]
[2.8138465881347656, 2.5315723419189453]
[0.01352071762084961, 0.016640424728393555]
[36.347127199172974, 38.48593878746033]
[2.3230557441711426, 1.3592216968536377]
[4.213667869567871, 10.910934686660767]
[2.4969799518585205, 3.324004888534546]
[0.016028404235839844, 0.016052961349487305]
[32.67644906044006, 39.72069001197815]
[1.6345713138580322, 1.4990110397338867]
[4.000625371932983, 10.88878607749939]
[2.2885849475860596, 2.41845440864563]
[0.016511201858520508, 0.023121118545532227]
[30.33673644065857, 37.490647077560425]
[1.4513490200042725, 1.6987624168395996]
[11.057434558868408, 4.496377944946289]
[2.8691017627716064, 3.7249062061309814]
[0.020554304122924805, 0.01803278923034668]
[38.60738277435303, 33.90434265136719]
[1.96065354347229, 1.0202217102050781]
[11.045631408691406, 10.956875085830688]
[2.3090665340423584, 5.343777656555176]
[0.015598058700561523, 0.014035463333129883]
[39.1146035194397, 43.413867235183716]
[1.801621675491333, 0.7404673099517822]
[11.050579309463501, 11.853349685668945]
[2.2404568195343018, 3.9832603931427]
[0.011510133743286133, 0.014827489852905273]
[37.78001403808594, 39.73677158355713]
[1.0757479667663574]
[3.9024107456207275]
[2.9637601375579834]
[0.038594722747802734]
[32.31187200546265]
[1.461719036102295, 1.5206036567687988]
[5.444674253463745, 10.997745990753174]
[4.026256561279297, 2.8234779834747314]
[0.021050453186035156, 0.023987770080566406]
[35.016685009002686, 39.299495697021484]
[1.0632522106170654, 0.9586946964263916]
[11.170763492584229, 10.878089189529419]
[2.586517572402954, 2.442944049835205]
[0.013573884963989258, 0.013023614883422852]
[37.24682068824768, 37.05290484428406]
[0.3725283145904541, 0.9472231864929199]
[11.019035339355469, 10.87787652015686]
[8.458258390426636, 2.8307929039001465]
[0.02755141258239746, 0.016026735305786133]
[46.22423315048218, 36.84375977516174]
[1.20054292678833, 0.920712947845459]
[10.937740087509155, 11.25275182723999]
[3.211138963699341, 3.221569061279297]
[0.017515182495117188, 0.021378278732299805]
[37.76277422904968, 38.0812554359436]
[1.3615117073059082, 0.8651382923126221]
[11.43310546875, 10.852154970169067]
[3.9579031467437744, 3.4104433059692383]
[0.01726818084716797, 0.01703929901123047]
[39.50272512435913, 37.885953426361084]
[1.1717071533203125, 0.8362255096435547]
[11.779078960418701, 11.19378662109375]
[3.408607006072998, 3.998687505722046]
[0.020542383193969727, 0.013897180557250977]
[38.78207564353943, 38.8614776134491]
[]
[]
[]
[]
[]
[]
[]
[]
[]
[]
[]
[]
[]
[]
[]
[]
[]
[]
[]
[]
[]
[]
[]
[]
[]
[6.175942897796631, 6.292810678482056]
[11.239195108413696, 11.144372463226318]
[2.3136141300201416, 2.6785151958465576]
[0.014513492584228516, 0.010905027389526367]
[42.854048013687134, 43.64086651802063]
[6.094762325286865, 6.513653993606567]
[11.63260293006897, 4.444169044494629]
[3.602257013320923, 3.8430628776550293]
[0.012514352798461914, 0.01601886749267578]
[43.4591224193573, 36.84411978721619]
[5.947147607803345, 6.765932559967041]
[11.270227909088135, 4.533825397491455]
[2.506101369857788, 3.3615782260894775]
[0.020751476287841797, 0.014009952545166016]
[43.133870363235474, 37.354350328445435]
[6.361770153045654, 6.2556140422821045]
[4.004399061203003, 11.0282621383667]
[3.3593223094940186, 2.229119300842285]
[0.02135920524597168, 0.015999794006347656]
[35.97278070449829, 41.393619775772095]
[6.198308229446411, 6.222391843795776]
[3.994652032852173, 11.170857429504395]
[2.31911563873291, 2.4647648334503174]
[0.019453048706054688, 0.013516902923583984]
[33.58855867385864, 40.83598804473877]
[5.986260175704956, 5.897069454193115]
[10.897143125534058, 10.902571678161621]
[2.418989419937134, 2.6946349143981934]
[0.014456987380981445, 0.018021106719970703]
[41.59834814071655, 41.6776237487793]
[6.4135966300964355, 6.813425540924072]
[12.327054023742676, 11.033045530319214]
[3.440225124359131, 2.696693181991577]
[0.027565479278564453, 0.027588367462158203]
[45.79135322570801, 45.02948760986328]
[6.280970335006714, 6.217202186584473]
[11.086359739303589, 11.06636357307434]
[2.2855100631713867, 2.5773534774780273]
[0.024131059646606445, 0.0210263729095459]
[43.30708384513855, 43.61241936683655]
[6.072842836380005]
[10.936099290847778]
[2.5952885150909424]
[0.02940225601196289]
[43.74156928062439]
[5.854734420776367]
[9.917038679122925]
[4.04895281791687]
[0.014977216720581055]
[52.325082540512085]
[5.989649534225464, 6.2160255908966064]
[10.11444878578186, 3.3266305923461914]
[2.956332206726074, 3.9243721961975098]
[0.0249631404876709, 0.05182051658630371]
[50.804261922836304, 45.83703422546387]
[4.500160217285156, 5.017305374145508]
[11.064903259277344, 11.812489032745361]
[4.412721872329712, 4.414005279541016]
[0.034594058990478516, 0.039090633392333984]
[60.23635983467102, 58.359806060791016]
[4.67690372467041, 4.199256420135498]
[10.263550043106079, 3.0553948879241943]
[6.756156921386719, 6.7521960735321045]
[0.014000177383422852, 0.018584489822387695]
[64.73747444152832, 50.29210591316223]
[4.392702341079712]
[11.505563735961914]
[3.096395969390869]
[0.04655289649963379]
[57.06212759017944]
[4.846571207046509, 4.482691049575806]
[11.164753198623657, 3.436091661453247]
[3.547153949737549, 6.333961725234985]
[0.01802372932434082, 0.02186274528503418]
[50.08985376358032, 45.04154086112976]
[4.514787912368774, 4.187803506851196]
[3.2818939685821533, 11.139482975006104]
[3.2841742038726807, 4.1178693771362305]
[0.027591228485107422, 0.017772197723388672]
[40.547358989715576, 48.983335733413696]
[4.043872117996216, 4.117068767547607]
[10.123574018478394, 11.1131112575531]
[4.27250337600708, 3.3776326179504395]
[0.03220415115356445, 0.0195767879486084]
[48.50124216079712, 48.431140661239624]
[4.221074104309082, 4.226812839508057]
[3.35788631439209, 3.1305980682373047]
[2.8637261390686035, 3.018653631210327]
[0.027549028396606445, 0.018027544021606445]
[39.924957513809204, 39.758055686950684]
[4.050921678543091]
[10.146061182022095]
[4.847014427185059]
[0.03255724906921387]
[50.136067628860474]
[4.352815866470337, 4.329164505004883]
[10.39453649520874, 10.147011280059814]
[2.613534688949585, 12.301892518997192]
[0.01803445816040039, 0.020931720733642578]
[50.52877116203308, 59.80929136276245]
[4.76874041557312, 4.482116222381592]
[10.152836322784424, 3.2267067432403564]
[4.390314817428589, 3.087498903274536]
[0.018584251403808594, 0.017653703689575195]
[50.80047154426575, 42.2779324054718]
[4.073535203933716, 4.070775985717773]
[3.0292770862579346, 10.712997913360596]
[2.4879448413848877, 3.181720495223999]
[0.0170285701751709, 0.01603412628173828]
[54.7560830116272, 60.802473306655884]
[3.970421552658081, 4.091280221939087]
[10.442797660827637, 10.261805534362793]
[2.747326135635376, 2.6308937072753906]
[0.0226590633392334, 0.02755570411682129]
[47.88037371635437, 46.90814971923828]
[4.116603136062622, 4.293895244598389]
[10.27596402168274, 10.08553957939148]
[2.925788640975952, 4.682591676712036]
[0.018036365509033203, 0.02426600456237793]
[47.51754117012024, 49.42381572723389]
[5.577875137329102, 4.294718265533447]
[10.607035875320435, 3.093897819519043]
[3.6257805824279785, 2.4392895698547363]
[0.017096757888793945, 0.021046876907348633]
[50.050450563430786, 40.65286302566528]
[4.465871334075928, 4.763218879699707]
[11.353889226913452, 3.2384376525878906]
[8.896895170211792, 2.915118455886841]
[0.04885983467102051, 0.039765357971191406]
[54.851229429244995, 42.17256259918213]
[4.093632221221924, 4.03754448890686]
[10.071536779403687, 3.3079657554626465]
[2.624131441116333, 2.6962387561798096]
[0.018030881881713867, 0.01651477813720703]
[45.7578558921814, 39.72493100166321]
[4.284903049468994, 4.315060615539551]
[3.596714973449707, 3.3375260829925537]
[10.353903532028198, 2.967318296432495]
[0.02919173240661621, 0.022554874420166016]
[51.22116446495056, 41.58172941207886]
[4.1130616664886475, 3.908797264099121]
[9.9395592212677, 9.975033521652222]
[2.4715356826782227, 2.261721134185791]
[0.022035837173461914, 0.015029668807983398]
[46.74241495132446, 45.76829481124878]
[3.900360107421875, 3.8828980922698975]
[9.944994688034058, 9.880337715148926]
[2.916616439819336, 2.3061861991882324]
[0.015026330947875977, 0.013515949249267578]
[45.047874450683594, 44.57920575141907]
[3.950612783432007, 4.1176135540008545]
[10.020797967910767, 10.183617115020752]
[2.701158046722412, 3.0918831825256348]
[0.018526077270507812, 0.023540973663330078]
[45.46639633178711, 47.14149045944214]
[3.929548501968384, 3.9994940757751465]
[9.92373251914978, 10.107725620269775]
[2.4392249584198, 2.6827471256256104]
[0.015229225158691406, 0.016635417938232422]
[44.51343846321106, 45.96542286872864]
[4.308873891830444, 4.002240180969238]
[10.492368936538696, 10.102777481079102]
[7.8551225662231445, 2.4430482387542725]
[0.011513471603393555, 0.020035982131958008]
[51.68891143798828, 45.99556827545166]
[4.229844331741333, 4.718843221664429]
[10.084022045135498, 10.21684217453003]
[2.992784023284912, 9.805980443954468]
[0.02502894401550293, 0.019042253494262695]
[47.07665395736694, 55.42120385169983]
[3.929128408432007, 4.044750452041626]
[10.028695344924927, 10.612255811691284]
[5.467156171798706, 12.9441556930542]
[0.01525735855102539, 0.017377376556396484]
[50.7292423248291, 57.94581937789917]
[4.839852333068848, 4.075309753417969]
[3.3468387126922607, 11.60132360458374]
[4.784027338027954, 6.742908000946045]
[0.016040325164794922, 0.023786306381225586]
[43.56440615653992, 52.41588091850281]
[5.49878716468811, 4.0076892375946045]
[10.308525562286377, 10.151837348937988]
[3.705331563949585, 2.698533773422241]
[0.020649433135986328, 0.023177146911621094]
[50.52960228919983, 47.54309916496277]
[4.339112997055054, 4.431762218475342]
[3.065352439880371, 3.1970839500427246]
[3.759176731109619, 2.438796043395996]
[0.04360008239746094, 0.014448881149291992]
[41.157065629959106, 41.96643900871277]
[4.122731924057007, 3.971132516860962]
[2.927645683288574, 10.595609664916992]
[2.7952542304992676, 3.924790382385254]
[0.02507162094116211, 0.016570091247558594]
[38.29555797576904, 47.234036445617676]
[4.372415542602539, 4.7008867263793945]
[10.708595514297485, 11.509862661361694]
[3.628551483154297, 3.488152265548706]
[0.022024869918823242, 0.016032695770263672]
[48.07715463638306, 49.80425262451172]
[4.906214475631714, 5.086800813674927]
[11.186720848083496, 3.3658108711242676]
[3.505436658859253, 2.6274681091308594]
[0.029237985610961914, 0.020189762115478516]
[55.86817264556885, 49.83533334732056]
[4.925792455673218, 5.970893144607544]
[10.323771476745605, 10.117543697357178]
[2.540661096572876, 3.364438056945801]
[0.014550209045410156, 0.014535188674926758]
[49.76270246505737, 50.07645654678345]
[4.733627796173096, 4.454743385314941]
[10.002599954605103, 3.095141649246216]
[2.5082502365112305, 2.702345132827759]
[0.023043155670166016, 0.01903057098388672]
[48.102086782455444, 41.393930435180664]
[4.227711200714111, 4.201449632644653]
[3.1534459590911865, 10.291498899459839]
[2.8776068687438965, 3.161806106567383]
[0.028549909591674805, 0.05011796951293945]
[42.04963302612305, 49.72922968864441]
[4.136682510375977, 3.9772493839263916]
[3.059755325317383, 10.173680305480957]
[2.8011631965637207, 3.5999794006347656]
[0.025562286376953125, 0.021393537521362305]
[39.5608229637146, 47.5175142288208]
[4.52503776550293, 4.651172637939453]
[3.1188759803771973, 3.071852445602417]
[5.780680179595947, 2.7844762802124023]
[0.01768970489501953, 0.02953791618347168]
[48.51630115509033, 41.466028928756714]
[4.01974630355835]
[9.933574438095093]
[3.7300455570220947]
[0.04160261154174805]
[48.90806293487549]
[4.055792808532715]
[10.013370990753174]
[2.9228150844573975]
[0.028317689895629883]
[49.60560488700867]
[3.911797523498535, 4.111370086669922]
[9.9235999584198, 3.0791985988616943]
[2.745896100997925, 2.43843150138855]
[0.018111705780029297, 0.023789405822753906]
[45.50973320007324, 38.92447519302368]
[4.203280448913574, 5.263646364212036]
[12.018874883651733, 3.625483751296997]
[4.6186840534210205, 9.232911109924316]
[0.02203989028930664, 0.02629852294921875]
[51.635552167892456, 48.87016463279724]
[2.4253804683685303, 2.3534066677093506]
[11.600753784179688, 10.626290321350098]
[5.227883338928223, 4.348898887634277]
[0.029567956924438477, 0.0661919116973877]
[39.580103158950806, 37.41134333610535]
[1.796281337738037, 2.0273804664611816]
[9.870918989181519, 2.9398581981658936]
[2.495755672454834, 2.6397502422332764]
[0.016518592834472656, 0.02002549171447754]
[33.03248071670532, 24.951371669769287]
[4.495490074157715, 3.9992659091949463]
[2.9410951137542725, 10.093876838684082]
[5.413544654846191, 4.270490646362305]
[0.021025419235229492, 0.030076026916503906]
[41.12903666496277, 46.74540734291077]
[4.095436334609985, 3.8833696842193604]
[9.98734188079834, 10.006418704986572]
[2.609848976135254, 2.764892578125]
[0.029097795486450195, 0.019975900650024414]
[45.86205816268921, 45.960206270217896]
[]
[]
[]
[]
[]
[]
[]
[]
[]
[]
[]
[]
[]
[]
[]
[]
[]
[]
[]
[]
[]
[]
[]
[]
[]
[]
[]
[]
[]
[]
[4.5844011306762695, 4.840738296508789]
[10.229292869567871, 3.083336591720581]
[2.2641355991363525, 4.075299024581909]
[0.019083261489868164, 0.023119211196899414]
[48.736331939697266, 43.9562714099884]
[4.614793300628662, 3.9121084213256836]
[9.865052223205566, 10.059381008148193]
[2.3845930099487305, 2.4584741592407227]
[0.024449825286865234, 0.013989686965942383]
[46.16392922401428, 46.205644369125366]
[4.026065826416016, 4.3031229972839355]
[10.107478380203247, 2.9405810832977295]
[3.0919063091278076, 2.778272867202759]
[0.03506875038146973, 0.04613327980041504]
[48.626994132995605, 41.128812313079834]
[5.319310426712036, 4.586261034011841]
[10.22212028503418, 3.0947561264038086]
[3.495035171508789, 2.724858045578003]
[0.0193021297454834, 0.016553401947021484]
[49.94291543960571, 41.928078174591064]
[4.5462963581085205, 4.908916473388672]
[10.151196241378784, 3.062191963195801]
[2.7146427631378174, 3.969799041748047]
[0.0160062313079834, 0.03442645072937012]
[48.59739565849304, 43.55823612213135]
[4.047329664230347, 4.057846784591675]
[9.958582162857056, 10.163560152053833]
[3.3430471420288086, 4.1495044231414795]
[0.04207730293273926, 0.06414580345153809]
[53.923325061798096, 52.01252627372742]
[2.5979268550872803, 2.547663927078247]
[9.827695608139038, 9.695528507232666]
[34.13039803504944, 33.59712862968445]
[]
[]
[2.5730926990509033, 2.552752733230591]
[9.745315074920654, 9.700921773910522]
[2.163088321685791, 2.169433355331421]
[0.017922639846801758, 0.014023065567016602]
[35.83129334449768, 36.839852809906006]
[2.599022150039673, 2.6103789806365967, 2.666017532348633, 2.8837485313415527, 2.7383549213409424, 2.680394411087036, 2.8180973529815674]
[9.94526982307434, 9.905876874923706, 10.026945114135742, 9.964919090270996, 2.9182052612304688, 10.214468717575073, 10.327279567718506]
[2.70574951171875, 2.260136365890503, 2.21893310546875, 2.180060386657715, 2.070604085922241, 2.9692814350128174, 2.9179024696350098]
[0.042096853256225586, 0.032569169998168945, 0.033574581146240234, 0.013646364212036133, 0.019085168838500977, 0.0271456241607666, 0.013519287109375]
[36.705952882766724, 35.92441129684448, 36.49688458442688, 36.428874254226685, 31.596537590026855, 37.463507890701294, 37.874786615371704]
[2.607689142227173, 2.640413761138916, 2.7623555660247803, 2.589151620864868, 2.584672689437866, 2.740250587463379]
[10.323272466659546, 9.902764558792114, 10.051864862442017, 10.187823057174683, 9.88378357887268, 2.8186728954315186]
[3.4483349323272705, 3.2069928646087646, 2.928008556365967, 3.6089484691619873, 2.201911687850952, 2.312176465988159]
[0.023044586181640625, 0.015035629272460938, 0.01759934425354004, 0.03358054161071777, 0.014023303985595703, 0.01604604721069336]
[37.929428577423096, 37.12386727333069, 37.15154528617859, 40.109312772750854, 36.62489151954651, 29.71941351890564]
[2.7231290340423584, 2.6765100955963135, 2.892873764038086, 2.862884759902954, 2.6335055828094482, 2.9294540882110596, 3.0366263389587402]
[3.326608419418335, 2.953127384185791, 2.9172463417053223, 2.9713287353515625, 2.751286506652832, 3.012234926223755, 2.764432907104492]
[3.6466031074523926, 3.7039127349853516, 3.492014169692993, 3.224466323852539, 2.886770248413086, 2.9412221908569336, 2.8200831413269043]
[0.03407597541809082, 0.04662775993347168, 0.029571533203125, 0.021072864532470703, 0.014522314071655273, 0.02002859115600586, 0.01752018928527832]
[31.7503764629364, 31.726884126663208, 31.199021816253662, 30.73566198348999, 33.05692458152771, 30.410600423812866, 30.61369562149048]
[2.655160427093506, 2.6517369747161865, 2.6307263374328613, 2.7607691287994385, 2.584463596343994, 2.743692398071289, 2.640500545501709]
[9.954615831375122, 10.292914867401123, 10.164096355438232, 9.889567852020264, 9.692444562911987, 9.930427074432373, 9.722790002822876]
[2.1916663646698, 1.9171898365020752, 2.3085453510284424, 2.0513267517089844, 2.0522379875183105, 1.912895917892456, 1.9809772968292236]
[0.031208276748657227, 0.02706456184387207, 0.040488243103027344, 0.019815921783447266, 0.01612997055053711, 0.01872992515563965, 0.028064489364624023]
[37.025203466415405, 37.124653577804565, 37.45333290100098, 36.61175537109375, 38.803454637527466, 36.860663652420044, 43.70122981071472]
[2.9138004779815674, 2.750899076461792, 2.7691335678100586, 2.572528123855591, 2.6854991912841797, 2.8220276832580566, 2.6097192764282227]
[10.084784984588623, 9.935367345809937, 9.986836194992065, 9.726354837417603, 10.06242060661316, 9.892356395721436, 9.983428239822388]
[2.466977834701538, 2.243344783782959, 2.22581148147583, 1.881403923034668, 3.273111343383789, 2.432157278060913, 2.1641690731048584]
[0.03748512268066406, 0.03656506538391113, 0.048612117767333984, 0.017026662826538086, 0.06868577003479004, 0.07721734046936035, 0.015524864196777344]
[37.59128212928772, 36.93234586715698, 39.84481954574585, 37.36345601081848, 38.88308119773865, 38.43813753128052, 37.57929515838623]
[2.8046677112579346, 2.8164618015289307, 2.848935842514038, 2.9037158489227295, 2.6950323581695557, 2.8610942363739014, 2.90817928314209]
[10.498809576034546, 9.992172479629517, 10.09464406967163, 10.221769094467163, 9.796072483062744, 10.086647987365723, 9.834910154342651]
[3.4117891788482666, 3.1063055992126465, 2.956676483154297, 3.6481075286865234, 3.2024431228637695, 3.781041383743286, 9.8037691116333]
[0.03607988357543945, 0.020224571228027344, 0.04009509086608887, 0.016570568084716797, 0.015125036239624023, 0.020588397979736328, 0.030753374099731445]
[38.35157108306885, 37.27510094642639, 37.66039037704468, 38.41001582145691, 40.556867599487305, 38.39742588996887, 44.48890233039856]
[2.7308578491210938, 2.6979424953460693, 2.9566056728363037, 3.1239829063415527, 2.7228457927703857, 2.9642717838287354, 2.84537935256958]
[2.9815211296081543, 2.9671850204467773, 3.279308795928955, 3.072476387023926, 3.0144660472869873, 2.8582711219787598, 2.7682042121887207]
[3.4935526847839355, 3.2988781929016113, 2.9010872840881348, 2.566560745239258, 2.163309097290039, 2.3635573387145996, 2.150317430496216]
[0.05416750907897949, 0.04208636283874512, 0.03257393836975098, 0.031603097915649414, 0.013025283813476562, 0.020061731338500977, 0.017548084259033203]
[32.11424922943115, 31.583346843719482, 31.64848279953003, 31.295055150985718, 32.17798161506653, 30.405967712402344, 30.244467735290527]
[2.6042263507843018, 2.5908360481262207, 2.6141109466552734, 2.5890111923217773, 2.579249143600464, 2.5848984718322754, 2.6653220653533936]
[9.948742628097534, 9.924321174621582, 9.797398328781128, 9.775277137756348, 9.655750513076782, 9.85024356842041, 9.967092752456665]
[2.3070945739746094, 2.41485333442688, 2.2622225284576416, 2.160632848739624, 1.9225919246673584, 2.1849417686462402, 2.0245673656463623]
[0.03908967971801758, 0.02506852149963379, 0.04043245315551758, 0.028566837310791016, 0.017258167266845703, 0.015026092529296875, 0.02429032325744629]
[36.61777186393738, 36.53383731842041, 37.19973158836365, 36.550790786743164, 38.1760778427124, 36.457109689712524, 36.634767055511475]
[2.6540615558624268, 2.6628737449645996, 2.6442348957061768, 2.6650378704071045, 2.5524532794952393, 2.770700216293335, 2.6634349822998047]
[10.070383787155151, 9.88446569442749, 10.090906858444214, 9.989675045013428, 9.68937611579895, 9.852760314941406, 9.861284255981445]
[2.533965826034546, 2.3440942764282227, 2.4952621459960938, 2.2483971118927, 2.131495952606201, 2.2617321014404297, 2.1045827865600586]
[0.033638954162597656, 0.017043113708496094, 0.03517937660217285, 0.017602205276489258, 0.014222383499145508, 0.01856374740600586, 0.018724918365478516]
[36.98647475242615, 36.41202902793884, 37.00212526321411, 36.44693660736084, 38.31991910934448, 36.43149256706238, 36.39992713928223]
[2.731018304824829, 2.5219569206237793, 2.524062395095825, 2.6907668113708496, 2.6632940769195557, 2.6973066329956055, 2.7142012119293213]
[10.457318544387817, 9.657495975494385, 10.140618562698364, 10.03124737739563, 9.784160137176514, 10.012913703918457, 9.818112850189209]
[3.4239113330841064, 3.078122854232788, 3.0036728382110596, 3.159682273864746, 3.226818323135376, 2.8924527168273926, 3.0128350257873535]
[0.016025781631469727, 0.015039443969726562, 0.023804903030395508, 0.015605926513671875, 0.014523506164550781, 0.023041486740112305, 0.017705202102661133]
[37.97437787055969, 40.228201389312744, 37.2347137928009, 37.196510314941406, 36.53182554244995, 37.306766748428345, 37.189475774765015]
[3.007556915283203, 2.621443510055542, 2.8620493412017822, 2.8125884532928467, 2.8543858528137207, 2.7839534282684326, 2.6858580112457275]
[9.865744590759277, 10.994048357009888, 11.202752351760864, 10.168583154678345, 11.201823472976685, 10.032784461975098, 10.75502347946167]
[7.0807905197143555, 5.0634801387786865, 4.9321982860565186, 3.099153518676758, 6.636490821838379, 3.732605218887329, 5.9225122928619385]
[0.011514425277709961, 0.035095930099487305, 0.0325770378112793, 0.02204275131225586, 0.020043611526489258, 0.03157639503479004, 0.018055438995361328]
[44.199814558029175, 44.559109687805176, 42.458385944366455, 40.09725260734558, 43.8827178478241, 40.81089663505554, 43.98685121536255]
[3.249377727508545, 3.8163669109344482, 2.7854745388031006, 3.1160128116607666, 3.2236921787261963, 3.14790940284729, 3.44061279296875]
[3.170687198638916, 5.075279951095581, 5.005035877227783, 5.1928417682647705, 3.869442939758301, 4.546091556549072, 3.0089054107666016]
[3.934544801712036, 4.738229036331177, 2.0270936489105225, 3.0830676555633545, 3.2388813495635986, 2.5298075675964355, 2.302476167678833]
[0.044617414474487305, 0.03460979461669922, 0.013332366943359375, 0.03365731239318848, 0.0280611515045166, 0.018959760665893555, 0.018214702606201172]
[33.53613018989563, 36.344724893569946, 33.25375056266785, 34.64473485946655, 32.851802825927734, 33.85758399963379, 32.09869384765625]
[2.5945169925689697, 3.772737979888916, 2.820004940032959, 2.7735118865966797, 3.054535150527954, 2.590039014816284, 2.6528947353363037]
[11.336459875106812, 10.392349243164062, 9.901773691177368, 10.383962631225586, 10.21481728553772, 9.868103504180908, 10.07032060623169]
[2.316939115524292, 3.034921884536743, 3.4424712657928467, 2.879946231842041, 4.186326026916504, 2.7489707469940186, 4.026371717453003]
[0.029550790786743164, 0.027564287185668945, 0.023830175399780273, 0.022019386291503906, 0.013942480087280273, 0.026229143142700195, 0.015024423599243164]
[39.2489230632782, 38.814595222473145, 39.73146462440491, 39.67849135398865, 41.47381639480591, 39.101238489151, 39.317018270492554]
[2.8286209106445312, 2.5820424556732178, 2.780766010284424, 2.5500264167785645, 2.882685422897339, 2.949883460998535, 3.4252493381500244]
[10.516222476959229, 10.054211854934692, 10.03380823135376, 10.057179927825928, 10.345420598983765, 10.369063377380371, 10.343586921691895]
[4.174759864807129, 3.931119441986084, 3.334930181503296, 5.516053199768066, 3.0382158756256104, 4.327998638153076, 3.5858988761901855]
[0.04618120193481445, 0.03209400177001953, 0.016045808792114258, 0.01735520362854004, 0.021973371505737305, 0.030849218368530273, 0.01733875274658203]
[40.274397134780884, 38.38192415237427, 38.42420172691345, 42.175769090652466, 39.48518776893616, 39.331950426101685, 40.7765007019043]
[2.617016553878784, 2.6171114444732666, 2.6559293270111084, 3.1606314182281494, 2.5770456790924072, 2.624091148376465, 2.656822443008423]
[9.885823965072632, 10.57028317451477, 10.029366970062256, 10.123987197875977, 11.999907732009888, 10.319293022155762, 10.287961483001709]
[4.224372863769531, 3.1097826957702637, 4.869433403015137, 3.100337266921997, 2.5750973224639893, 3.465172529220581, 2.3690412044525146]
[0.02909541130065918, 0.025627613067626953, 0.03811335563659668, 0.016022920608520508, 0.016673803329467773, 0.022034406661987305, 0.014021635055541992]
[38.89682960510254, 38.248449087142944, 39.935691833496094, 39.22339844703674, 40.67316937446594, 40.855956077575684, 37.41444110870361]
[2.6406126022338867, 2.6304333209991455, 3.262265920639038, 3.0531935691833496, 2.5318078994750977, 2.7085955142974854, 4.08582329750061]
[10.11435317993164, 10.449599742889404, 9.90401816368103, 9.696839094161987, 9.781913042068481, 10.530876636505127, 10.92458987236023]
[2.7902822494506836, 2.9381160736083984, 2.0737273693084717, 1.8996918201446533, 2.4557714462280273, 1.9189972877502441, 3.475735664367676]
[0.0752253532409668, 0.09622716903686523, 0.017032623291015625, 0.01492166519165039, 0.016033649444580078, 0.014548540115356445, 0.018514156341552734]
[38.31045603752136, 38.461469650268555, 37.75707197189331, 40.520143032073975, 37.63400983810425, 38.59952783584595, 40.68165445327759]
[2.740483283996582, 2.765646457672119, 2.7492384910583496, 2.822111129760742, 2.7546374797821045, 2.8655619621276855, 2.814944267272949]
[9.966274738311768, 10.019383192062378, 10.978816032409668, 10.361079216003418, 10.317685604095459, 9.859309911727905, 9.757357120513916]
[3.3074166774749756, 2.818851947784424, 3.036141872406006, 2.9332776069641113, 2.4747743606567383, 2.631704330444336, 3.179955005645752]
[0.03409552574157715, 0.02556014060974121, 0.023048877716064453, 0.02154827117919922, 0.012514829635620117, 0.01619720458984375, 0.014522552490234375]
[37.611698389053345, 37.43049120903015, 39.39547538757324, 38.68202352523804, 39.12238049507141, 37.49206352233887, 37.75339937210083]
[2.585282802581787, 2.6306886672973633, 2.794645309448242, 2.601959466934204, 2.5849759578704834, 3.213763952255249, 2.9871578216552734]
[9.940854549407959, 10.421798467636108, 3.9170055389404297, 2.963080406188965, 9.801288843154907, 10.047188758850098, 9.820583581924438]
[3.1318116188049316, 4.260128021240234, 4.856399774551392, 3.316545009613037, 3.2527122497558594, 2.499358654022217, 3.279634952545166]
[0.13132143020629883, 0.012514114379882812, 0.05815291404724121, 0.0325777530670166, 0.013050556182861328, 0.02005314826965332, 0.017572641372680664]
[38.35350298881531, 39.242982625961304, 34.03314471244812, 32.22512912750244, 38.799378633499146, 38.30458998680115, 40.06123757362366]
[2.6978847980499268, 2.9921443462371826, 2.9149627685546875, 3.716857671737671, 2.5589406490325928, 3.0456161499023438, 2.68430495262146]
[2.818053960800171, 3.4538955688476562, 11.113640785217285, 10.541760683059692, 10.539644479751587, 9.792731523513794, 11.498586893081665]
[3.2481021881103516, 3.9029204845428467, 3.960869073867798, 2.4536335468292236, 3.9290390014648438, 2.753099203109741, 4.673491954803467]
[0.04108476638793945, 0.0335690975189209, 0.024471044540405273, 0.02358841896057129, 0.013515710830688477, 0.017345666885375977, 0.017235755920410156]
[31.170801401138306, 31.99652624130249, 40.97835302352905, 38.861952781677246, 40.43226408958435, 37.48709321022034, 41.112529039382935]
